northing,easting,el,zone_letter,zone_number
460564.1622800339,7242060.422388315,883.16,J,22
460564.002392906,7242060.106369796,883.16,J,22
460564.32102772273,7242031.687944119,883.18,J,22
460564.5635860736,7242003.24146123,880.68,J,22
460567.4387068132,7241977.503398037,878.91,J,22
460570.4946259708,7241950.689223218,875.59,J,22
460556.1946616669,7241935.306124251,873.8,J,22
460549.04621898034,7241934.440975863,873.05,J,22
460531.24087556463,7241934.426892731,871.35,J,22
460501.7682378924,7241933.478909632,870.63,J,22
460484.53121249226,7241935.944511573,869.86,J,22
460472.2820727189,7241937.22717057,869.13,J,22
460460.6983454672,7241936.664755909,869.2,J,22
460445.78916517744,7241935.972081717,869.25,J,22
460435.1802956483,7241934.837024118,871.72,J,22
460419.2923261169,7241933.148403091,874.25,J,22
460396.46886546025,7241933.054690495,875.77,J,22
460370.1505209241,7241932.895170053,876.8,J,22
460368.7184183608,7241933.5592793,876.81,J,22
460351.56892503257,7241943.793414722,877.68,J,22
460350.32268482225,7241947.49305372,878.51,J,22
460350.30176971795,7241960.588916628,880.06,J,22
460351.6539560897,7241978.793456373,881.73,J,22
460351.7509345208,7241995.017456825,884.16,J,22
460352.39165731706,7241995.863903359,884.16,J,22
460365.12380147784,7242006.100839658,884.91,J,22
460372.8274436699,7242019.850143243,885.92,J,22
460375.64443720045,7242037.808315743,886.68,J,22
460381.923086002,7242049.762192553,886.69,J,22
460390.0987795843,7242064.171814798,886.72,J,22
460396.2951401397,7242081.193048999,886.73,J,22
460407.41525284975,7242089.958845298,886.72,J,22
460418.3675803154,7242098.222961077,886.69,J,22
460427.37820573326,7242116.588800796,886.69,J,22
460428.94570219406,7242118.867244258,884.39,J,22
460441.35552369384,7242126.485845703,883.48,J,22
460444.0644672676,7242126.187375885,883.48,J,22
460474.2700249442,7242122.561904843,883.49,J,22
460495.5092792561,7242123.347016154,882.69,J,22
460511.7109573246,7242110.204921929,882.72,J,22
460512.2322129019,7242105.519367194,885.08,J,22
460512.7342327864,7242104.574124029,885.08,J,22
460517.14964559604,7242099.435705431,885.95,J,22
460534.7500224394,7242085.462293804,887.53,J,22
460554.6372765091,7242070.799351431,887.54,J,22
460565.9174091452,7242062.200168237,887.55,J,22
460558.75600235385,7242039.329019568,884.58,J,22
460550.32541526674,7242031.100115512,884.6,J,22
460540.83961698896,7242024.910047626,882.73,J,22
460533.8904927346,7242019.460503398,881.52,J,22
460523.36260040384,7242013.685088785,880.65,J,22
460516.08743082616,7242006.851687334,879.9,J,22
460509.0113660447,7241998.468864279,876.78,J,22
460498.017126535,7241990.074767921,875.91,J,22
460492.4279531183,7241985.520119254,875.97,J,22
460487.4479204238,7241983.965077504,875.1,J,22
460481.7624039189,7241980.542463204,875.14,J,22
460465.1464712502,7241973.023148052,874.37,J,22
460455.5618023045,7241971.798232872,874.45,J,22
460453.5679444936,7241976.516669721,876.79,J,22
460450.35773955396,7241980.442691373,878.38,J,22
460445.9780057958,7241982.017173038,879.12,J,22
460442.5115792109,7241980.884141848,879.13,J,22
460427.453776771,7241978.891644929,881.61,J,22
460413.63484163093,7241972.818930305,882.73,J,22
460402.9092050743,7241965.214439921,883.5,J,22
460399.699050885,7241963.256100828,883.5,J,22
460390.11542551604,7241955.812675862,883.51,J,22
460387.03298255045,7241953.585539333,881.22,J,22
460381.4565824169,7241947.555157082,881.29,J,22
460379.9701580143,7241943.587740315,880.4,J,22
460377.6310266485,7241935.988887083,880.45,J,22
460377.4876913426,7241935.80284493,880.45,J,22
460568.1910669317,7241939.50791854,878.72,J,22
460566.6801932929,7241941.08139322,878.75,J,22
460563.9448438773,7241944.6932357075,878.74,J,22
460562.3362662918,7241947.872105971,878.72,J,22
460550.6267220083,7241958.688276673,880.78,J,22
460540.6510198912,7241966.90138417,880.72,J,22
460536.0550888985,7241970.090217594,880.7,J,22
460527.6539729233,7241975.170757812,880.65,J,22
460507.6180177472,7241979.790875826,880.57,J,22
460504.6125095697,7241980.227725157,878.25,J,22
460496.51796518744,7241981.698714472,877.46,J,22
460484.05367357616,7241990.090243999,876.68,J,22
460478.10468193213,7242001.748980445,875.92,J,22
460476.97259301116,7242006.96181083,878.39,J,22
460471.6923000893,7242012.691726352,878.36,J,22
460469.0511700002,7242021.77050676,879.18,J,22
460469.1188966609,7242027.6364918975,880.0,J,22
460465.5586153984,7242038.513196423,879.96,J,22
460463.6876629811,7242050.49924669,880.76,J,22
460463.19899858546,7242055.621115777,881.55,J,22
460461.83128687897,7242069.177153681,883.22,J,22
460461.0971804114,7242071.365425987,883.2,J,22
460462.31078287703,7242087.79682602,885.67,J,22
460463.6988298647,7242096.5530865025,885.61,J,22
460463.2149722874,7242114.687353449,885.56,J,22
460464.95132198225,7242122.980557838,885.43,J,22
460461.8466488265,7242122.581796978,885.49,J,22
460455.9612545145,7242109.209044228,885.51,J,22
460452.957192351,7242100.3274625465,885.45,J,22
460452.1472131764,7242099.480533136,885.44,J,22
460450.7978286797,7242094.928809431,885.43,J,22
460446.51681250025,7242082.795085815,885.38,J,22
460445.4845573944,7242073.919186234,882.71,J,22
460444.61128380493,7242068.607763274,881.95,J,22
460437.970543381,7242056.003173827,881.08,J,22
460437.21345823107,7242042.682325361,880.21,J,22
460436.7746009325,7242039.330507016,879.4,J,22
460437.6142209845,7242024.028060975,878.6,J,22
460437.5894295821,7242012.082965357,878.64,J,22
460433.1745311489,7242008.237052278,878.66,J,22
460429.9395285578,7242000.2179622175,878.71,J,22
460436.11436681706,7241983.622236542,878.66,J,22
460437.9540893624,7241979.534486852,878.66,J,22
460438.90287197323,7241967.462255985,877.79,J,22
460438.6337155608,7241963.953147167,877.9,J,22
460441.99973921204,7241952.94594657,875.53,J,22
460445.52786658326,7241944.41732209,873.97,J,22
460447.44818897423,7241938.789102812,873.13,J,22
460449.4783102342,7241936.168345332,873.14,J,22
460449.1757800597,7241935.434250744,872.39,J,22
460494.3953119228,7241942.980293597,869.04,J,22
460494.75575317006,7241944.178624319,869.04,J,22
460497.538116022,7241947.759933695,873.28,J,22
460498.2128751026,7241948.541505929,873.28,J,22
460500.1750690674,7241951.87913887,874.13,J,22
460502.91965442884,7241956.824700902,874.14,J,22
460511.1083384854,7241969.684309263,875.92,J,22
460517.6148723164,7241978.937925203,875.89,J,22
460527.26499774674,7241992.7113000015,876.67,J,22
460533.06677230616,7242002.79820705,878.44,J,22
460539.44746525155,7242008.738025024,879.25,J,22
460545.9871256908,7242012.3765368415,880.73,J,22
460548.18300918,7242022.740788628,880.75,J,22
460552.96074604744,7242035.794747737,881.52,J,22
460559.1868617832,7242048.416646782,882.4,J,22
460560.19389580115,7242051.371000117,882.39,J,22
460556.7336913621,7242053.9505345635,882.37,J,22
460544.45645645424,7242056.142749855,882.38,J,22
460531.7901543718,7242061.201747658,882.35,J,22
460524.5213467722,7242063.909538773,882.36,J,22
460508.9812979906,7242070.658726998,882.38,J,22
460508.34387703397,7242071.603591394,882.39,J,22
460502.8173511474,7242089.370657302,882.4,J,22
460491.8283296397,7242096.7733349735,882.39,J,22
460476.5733948622,7242110.289378395,882.37,J,22
460472.57554567186,7242114.4173226375,879.96,J,22
460462.28915259,7242124.671366505,878.99,J,22
460462.3397935416,7242124.717919468,879.0,J,22
460462.568605595,7242124.607195283,879.0,J,22
460462.9158985914,7242124.496823583,879.06,J,22
460463.33900088654,7242124.507321962,879.06,J,22
460463.53399658314,7242124.387232202,875.6,J,22
